id=624
type=0,randStartPhase=0
numSounds=0
numSprites=43
numSlots=0
offset=(0.000000,0.000000)
startPause=0.000000
animParam=0.000000 0.000000 0.000000 0.000000 0.000000 0.000000 (0.000000,0.000000) 0.000000 0.000000 0.000000 0.000000 0.000000 1.000000 0.000000 0.000000 0.000000 0.000000 1.000000 0.000000
offset=(0.000000,0.000000)
startPause=0.000000
animParam=0.000000 0.000000 0.000000 0.000000 0.000000 0.000000 (0.000000,0.000000) 0.000000 0.000000 0.000000 0.000000 0.000000 1.000000 0.000000 0.000000 0.000000 0.000000 1.000000 0.000000
offset=(0.000000,0.000000)
startPause=5.000000
animParam=0.000000 0.000000 0.000000 0.000000 0.000000 0.000000 (0.000000,0.000000) 0.000000 0.000000 0.000000 0.000000 0.000000 10.000000 5.000000 0.100000 1.000000 0.000000 1.000000 0.749000
offset=(0.000000,0.000000)
startPause=0.000000
animParam=0.000000 0.000000 0.000000 0.000000 0.000000 0.000000 (0.000000,0.000000) 0.000000 0.000000 0.000000 0.000000 0.000000 10.000000 5.000000 0.100000 1.000000 0.000000 1.000000 0.749000
offset=(0.000000,0.000000)
startPause=10.000000
animParam=0.000000 0.000000 0.000000 0.000000 0.000000 0.000000 (0.000000,0.000000) 0.000000 0.000000 0.000000 0.000000 0.000000 10.000000 5.000000 0.100000 1.000000 0.000000 1.000000 0.749000
offset=(40.000000,-55.000000)
startPause=0.000000
animParam=0.500000 20.000000 0.000000 0.200000 65.000000 0.250000 (2.000000,0.000000) 0.000000 0.000000 0.500000 0.041667 0.500000 4.990000 55.009998 0.200000 1.000000 0.000000 1.000000 0.749000
offset=(0.000000,0.000000)
startPause=0.000000
animParam=0.000000 0.000000 0.000000 0.000000 0.000000 0.000000 (0.000000,0.000000) 0.000000 0.000000 0.000000 0.000000 0.000000 4.990000 55.009998 0.200000 1.000000 0.000000 1.000000 0.749000
offset=(0.000000,0.000000)
startPause=0.000000
animParam=0.000000 0.000000 0.000000 0.000000 0.000000 0.000000 (0.000000,0.000000) 0.000000 0.000000 0.000000 0.000000 0.000000 1.000000 0.000000 0.000000 0.000000 0.000000 1.000000 0.000000
offset=(0.000000,0.000000)
startPause=0.000000
animParam=0.000000 0.000000 0.000000 0.000000 0.000000 0.000000 (0.000000,0.000000) 0.000000 0.000000 0.000000 0.000000 0.000000 1.000000 0.000000 0.000000 0.000000 0.000000 1.000000 0.000000
offset=(40.000000,-55.000000)
startPause=0.000000
animParam=0.500000 20.000000 0.000000 0.200000 65.000000 0.250000 (2.000000,0.000000) 0.000000 0.000000 0.500000 0.041667 0.500000 4.990000 55.009998 0.200000 1.000000 0.000000 1.000000 0.749000
offset=(0.000000,0.000000)
startPause=0.000000
animParam=0.000000 0.000000 0.000000 0.000000 0.000000 0.000000 (0.000000,0.000000) 0.000000 0.000000 0.000000 0.000000 0.000000 4.990000 55.009998 0.200000 1.000000 0.000000 1.000000 0.749000
offset=(40.000000,-55.000000)
startPause=0.000000
animParam=0.500000 20.000000 0.000000 0.200000 65.000000 0.250000 (2.000000,0.000000) 0.000000 0.000000 0.500000 0.041667 0.500000 4.990000 55.009998 0.200000 1.000000 0.000000 1.000000 0.749000
offset=(0.000000,0.000000)
startPause=0.000000
animParam=0.000000 0.000000 0.000000 0.000000 0.000000 0.000000 (0.000000,0.000000) 0.000000 0.000000 0.000000 0.000000 0.000000 4.990000 55.009998 0.200000 1.000000 0.000000 1.000000 0.749000
offset=(40.000000,-55.000000)
startPause=0.000000
animParam=0.500000 20.000000 0.000000 0.200000 65.000000 0.250000 (2.000000,0.000000) 0.000000 0.000000 0.500000 0.041667 0.500000 4.990000 55.009998 0.200000 1.000000 0.000000 1.000000 0.749000
offset=(0.000000,0.000000)
startPause=0.000000
animParam=0.000000 0.000000 0.000000 0.000000 0.000000 0.000000 (0.000000,0.000000) 0.000000 0.000000 0.000000 0.000000 0.000000 4.990000 55.009998 0.200000 1.000000 0.000000 1.000000 0.749000
offset=(40.000000,-55.000000)
startPause=0.000000
animParam=0.500000 20.000000 0.000000 0.200000 65.000000 0.250000 (2.000000,0.000000) 0.000000 0.000000 0.500000 0.041667 0.500000 4.990000 55.009998 0.200000 1.000000 0.000000 1.000000 0.749000
offset=(0.000000,0.000000)
startPause=0.000000
animParam=0.000000 0.000000 0.000000 0.000000 0.000000 0.000000 (0.000000,0.000000) 0.000000 0.000000 0.000000 0.000000 0.000000 4.990000 55.009998 0.200000 1.000000 0.000000 1.000000 0.749000
offset=(40.000000,-55.000000)
startPause=0.000000
animParam=0.500000 20.000000 0.000000 0.200000 65.000000 0.250000 (2.000000,0.000000) 0.000000 0.000000 0.500000 0.041667 0.500000 4.990000 55.009998 0.200000 1.000000 0.000000 1.000000 0.749000
offset=(0.000000,0.000000)
startPause=0.000000
animParam=0.000000 0.000000 0.000000 0.000000 0.000000 0.000000 (0.000000,0.000000) 0.000000 0.000000 0.000000 0.000000 0.000000 4.990000 55.009998 0.200000 1.000000 0.000000 1.000000 0.749000
offset=(40.000000,-55.000000)
startPause=0.000000
animParam=0.500000 20.000000 0.000000 0.200000 65.000000 0.250000 (2.000000,0.000000) 0.000000 0.000000 0.500000 0.041667 0.500000 4.990000 55.009998 0.200000 1.000000 0.000000 1.000000 0.749000
offset=(0.000000,0.000000)
startPause=0.000000
animParam=0.000000 0.000000 0.000000 0.000000 0.000000 0.000000 (0.000000,0.000000) 0.000000 0.000000 0.000000 0.000000 0.000000 4.990000 55.009998 0.200000 1.000000 0.000000 1.000000 0.749000
offset=(40.000000,-55.000000)
startPause=0.000000
animParam=0.500000 20.000000 0.000000 0.200000 65.000000 0.250000 (2.000000,0.000000) 0.000000 0.000000 0.500000 0.041667 0.500000 4.990000 55.009998 0.200000 1.000000 0.000000 1.000000 0.749000
offset=(0.000000,0.000000)
startPause=0.000000
animParam=0.000000 0.000000 0.000000 0.000000 0.000000 0.000000 (0.000000,0.000000) 0.000000 0.000000 0.000000 0.000000 0.000000 4.990000 55.009998 0.200000 1.000000 0.000000 1.000000 0.749000
offset=(40.000000,-55.000000)
startPause=0.000000
animParam=0.500000 20.000000 0.000000 0.200000 65.000000 0.250000 (2.000000,0.000000) 0.000000 0.000000 0.500000 0.041667 0.500000 4.990000 55.009998 0.200000 1.000000 0.000000 1.000000 0.749000
offset=(0.000000,0.000000)
startPause=0.000000
animParam=0.000000 0.000000 0.000000 0.000000 0.000000 0.000000 (0.000000,0.000000) 0.000000 0.000000 0.000000 0.000000 0.000000 4.990000 55.009998 0.200000 1.000000 0.000000 1.000000 0.749000
offset=(0.000000,-65.000000)
startPause=10.000000
animParam=0.500000 20.000000 0.000000 0.200000 65.000000 0.250000 (3.000000,0.000000) 0.000000 0.000000 0.500000 0.041667 0.500000 5.000000 10.000000 0.200000 1.000000 0.000000 1.000000 0.750000
offset=(0.000000,0.000000)
startPause=10.000000
animParam=0.000000 0.000000 0.000000 0.000000 0.000000 0.000000 (0.000000,0.000000) 0.000000 0.000000 0.000000 0.000000 0.000000 5.000000 10.000000 0.200000 1.000000 0.000000 1.000000 0.750000
offset=(0.000000,-65.000000)
startPause=5.000000
animParam=0.500000 20.000000 0.000000 0.200000 65.000000 0.250000 (2.000000,0.000000) 0.000000 0.000000 0.500000 0.041667 0.500000 5.000000 10.000000 0.200000 1.000000 0.000000 1.000000 0.750000
offset=(0.000000,0.000000)
startPause=5.000000
animParam=0.000000 0.000000 0.000000 0.000000 0.000000 0.000000 (0.000000,0.000000) 0.000000 0.000000 0.000000 0.000000 0.000000 5.000000 10.000000 0.200000 1.000000 0.000000 1.000000 0.750000
offset=(0.000000,-65.000000)
startPause=0.000000
animParam=0.500000 20.000000 0.000000 0.200000 65.000000 0.250000 (2.000000,0.000000) 0.000000 0.000000 0.500000 0.041667 0.500000 5.000000 10.000000 0.200000 1.000000 0.000000 1.000000 0.750000
offset=(0.000000,0.000000)
startPause=0.000000
animParam=0.000000 0.000000 0.000000 0.000000 0.000000 0.000000 (0.000000,0.000000) 0.000000 0.000000 0.000000 0.000000 0.000000 5.000000 10.000000 0.200000 1.000000 0.000000 1.000000 0.750000
offset=(0.000000,0.000000)
startPause=0.000000
animParam=0.000000 0.000000 0.000000 0.000000 0.000000 0.000000 (0.000000,0.000000) 0.000000 0.000000 0.000000 0.000000 0.000000 1.000000 0.000000 0.000000 0.000000 0.000000 1.000000 0.000000
offset=(0.000000,0.000000)
startPause=0.000000
animParam=0.000000 0.000000 0.000000 0.000000 0.000000 0.000000 (0.000000,0.000000) 0.000000 0.000000 0.000000 0.000000 0.000000 1.000000 0.000000 0.000000 0.000000 0.000000 1.000000 0.000000
offset=(0.000000,0.000000)
startPause=0.000000
animParam=0.000000 0.000000 0.000000 0.000000 0.000000 0.000000 (0.000000,0.000000) 0.000000 0.000000 0.000000 0.000000 0.000000 1.000000 0.000000 0.000000 0.000000 0.000000 1.000000 0.000000
offset=(0.000000,0.000000)
startPause=0.000000
animParam=0.000000 0.000000 0.000000 0.000000 0.000000 0.000000 (0.000000,0.000000) 0.000000 0.000000 0.000000 0.000000 0.000000 1.000000 0.000000 0.000000 0.000000 0.000000 1.000000 0.000000
offset=(0.000000,0.000000)
startPause=0.000000
animParam=0.000000 0.000000 0.000000 0.000000 0.000000 0.000000 (0.000000,0.000000) 0.000000 0.000000 0.000000 0.000000 0.000000 1.000000 0.000000 0.000000 0.000000 0.000000 1.000000 0.000000
offset=(0.000000,0.000000)
startPause=0.000000
animParam=0.000000 0.000000 0.000000 0.000000 0.000000 0.000000 (0.000000,0.000000) 0.000000 0.000000 0.000000 0.000000 0.000000 1.000000 0.000000 0.000000 0.000000 0.000000 1.000000 0.000000
offset=(0.000000,0.000000)
startPause=0.000000
animParam=0.000000 0.000000 0.000000 0.000000 0.000000 0.000000 (0.000000,0.000000) 0.000000 0.000000 0.000000 0.000000 0.000000 1.000000 0.000000 0.000000 0.000000 0.000000 1.000000 0.000000
offset=(0.000000,0.000000)
startPause=0.000000
animParam=0.000000 0.000000 0.000000 0.000000 0.000000 0.000000 (0.000000,0.000000) 0.000000 0.000000 0.000000 0.000000 0.000000 1.000000 0.000000 0.000000 0.000000 0.000000 1.000000 0.000000
offset=(0.000000,0.000000)
startPause=0.000000
animParam=0.000000 0.000000 0.000000 0.000000 0.000000 0.000000 (0.000000,0.000000) 0.000000 0.000000 0.000000 0.000000 0.000000 1.000000 0.000000 0.000000 0.000000 0.000000 1.000000 0.000000
offset=(7.000000,5.000000)
startPause=0.000000
animParam=0.000000 0.000000 0.000000 0.000000 0.000000 0.000000 (0.000000,0.000000) -0.000000 -0.035000 0.000000 0.000000 0.000000 1.000000 0.000000 0.000000 0.000000 0.000000 1.000000 0.000000
offset=(-9.000000,0.000000)
startPause=0.000000
animParam=0.000000 0.000000 0.000000 0.000000 0.000000 0.000000 (0.000000,0.000000) 0.000000 0.035000 0.000000 0.000000 0.000000 1.000000 0.000000 0.000000 0.000000 0.000000 1.000000 0.000000
offset=(0.000000,0.000000)
startPause=0.000000
animParam=0.000000 0.000000 0.000000 0.000000 0.000000 0.000000 (0.000000,0.000000) 0.000000 0.000000 0.000000 0.000000 0.000000 1.000000 0.000000 0.000000 0.000000 0.000000 1.000000 0.000000